#wavelengths (mu)	size parameter  	extinction cross section (cm^2)  	scattering cross section (cm^2)  	absorption cross section (cm^2)  	single scattering albedo         	asymmetry parameter              
4.4300000000e-02	1.4183262544e+06	6.2836711372e+00                 	3.5682774682e+00                 	2.7153936690e+00                 	5.6786508879e-01                 	9.5492727725e-01                 
4.5100000000e-02	1.3931674739e+06	6.2836771341e+00                 	3.5617290160e+00                 	2.7219481181e+00                 	5.6682240987e-01                 	9.5502105961e-01                 
4.5900000000e-02	1.3688856878e+06	6.2836831552e+00                 	3.5604891869e+00                 	2.7231939683e+00                 	5.6662455744e-01                 	9.5432835686e-01                 
4.6800000000e-02	1.3425609631e+06	6.2836899148e+00                 	3.5605962741e+00                 	2.7230936407e+00                 	5.6664098999e-01                 	9.5330602102e-01                 
4.7700000000e-02	1.3172296241e+06	6.2836966604e+00                 	3.5615973239e+00                 	2.7220993364e+00                 	5.6679969076e-01                 	9.5210297910e-01                 
4.8600000000e-02	1.2928364830e+06	6.2837034098e+00                 	3.5615350202e+00                 	2.7221683895e+00                 	5.6678916683e-01                 	9.5092200810e-01                 
4.9600000000e-02	1.2667712313e+06	6.2837108526e+00                 	3.5557774515e+00                 	2.7279334012e+00                 	5.6587222660e-01                 	9.5045589209e-01                 
5.0600000000e-02	1.2417362267e+06	6.2837180730e+00                 	3.5472902672e+00                 	2.7364278058e+00                 	5.6452091357e-01                 	9.5095392902e-01                 
5.1700000000e-02	1.2153163070e+06	6.2837259323e+00                 	3.5437344965e+00                 	2.7399914357e+00                 	5.6395433772e-01                 	9.5082182701e-01                 
5.2800000000e-02	1.1899972173e+06	6.2837337490e+00                 	3.5456902513e+00                 	2.7380434977e+00                 	5.6426487705e-01                 	9.4989048897e-01                 
5.3900000000e-02	1.1657115598e+06	6.2837415694e+00                 	3.5532123725e+00                 	2.7305291969e+00                 	5.6546125160e-01                 	9.4799110937e-01                 
5.5100000000e-02	1.1403240122e+06	6.2837501907e+00                 	3.5648320875e+00                 	2.7189181032e+00                 	5.6730964461e-01                 	9.4496357159e-01                 
5.6400000000e-02	1.1140399481e+06	6.2837595145e+00                 	3.5743182586e+00                 	2.7094412558e+00                 	5.6881843591e-01                 	9.4196298708e-01                 
5.7700000000e-02	1.0889402612e+06	6.2837687405e+00                 	3.5821535629e+00                 	2.7016151776e+00                 	5.7006451237e-01                 	9.3928432625e-01                 
5.9000000000e-02	1.0649466622e+06	6.2837780129e+00                 	3.5908177275e+00                 	2.6929602854e+00                 	5.7144248573e-01                 	9.3613096871e-01                 
6.0500000000e-02	1.0385430260e+06	6.2837885605e+00                 	3.5939886074e+00                 	2.6897999532e+00                 	5.7194613930e-01                 	9.3385975017e-01                 
6.2000000000e-02	1.0134169850e+06	6.2837989994e+00                 	3.5961829890e+00                 	2.6876160104e+00                 	5.7229440174e-01                 	9.3188834663e-01                 
6.3600000000e-02	9.8792221811e+05	6.2838100340e+00                 	3.5980684791e+00                 	2.6857415549e+00                 	5.7259345200e-01                 	9.2996464520e-01                 
6.5300000000e-02	9.6220295669e+05	6.2838216501e+00                 	3.6006044789e+00                 	2.6832171712e+00                 	5.7299596955e-01                 	9.2792394021e-01                 
6.7000000000e-02	9.3778885182e+05	6.2838332837e+00                 	3.6053578309e+00                 	2.6784754528e+00                 	5.7375135019e-01                 	9.2522758349e-01                 
6.8900000000e-02	9.1192820133e+05	6.2838461594e+00                 	3.6036021200e+00                 	2.6802440394e+00                 	5.7347077388e-01                 	9.2367979653e-01                 
7.0800000000e-02	8.8745555186e+05	6.2838587632e+00                 	3.5938257610e+00                 	2.6900330022e+00                 	5.7191383455e-01                 	9.2421017364e-01                 
7.2900000000e-02	8.6189098864e+05	6.2838724748e+00                 	3.5835179597e+00                 	2.7003545151e+00                 	5.7027222849e-01                 	9.2505415438e-01                 
7.3800000000e-02	8.5138012292e+05	6.2838783110e+00                 	3.5794746178e+00                 	2.7044036932e+00                 	5.6962825196e-01                 	9.2537678059e-01                 
7.5100000000e-02	8.3664251760e+05	6.2838866411e+00                 	3.5718412635e+00                 	2.7120453775e+00                 	5.6841274637e-01                 	9.2637060433e-01                 
7.7500000000e-02	8.1073358802e+05	6.2839018604e+00                 	3.5608373494e+00                 	2.7230645110e+00                 	5.6666024208e-01                 	9.2774298407e-01                 
8.0000000000e-02	7.8539816340e+05	6.2839174476e+00                 	3.5485915096e+00                 	2.7353259380e+00                 	5.6471007762e-01                 	9.2964080885e-01                 
8.2700000000e-02	7.5975638539e+05	6.2839341208e+00                 	3.5419179826e+00                 	2.7420161382e+00                 	5.6364658102e-01                 	9.3036934634e-01                 
8.5500000000e-02	7.3487547452e+05	6.2839514792e+00                 	3.5442655836e+00                 	2.7396858956e+00                 	5.6401861079e-01                 	9.2871466613e-01                 
8.8600000000e-02	7.0916312722e+05	6.2839704448e+00                 	3.5350021348e+00                 	2.7489683099e+00                 	5.6254276908e-01                 	9.2951478830e-01                 
9.1800000000e-02	6.8444284392e+05	6.2839890988e+00                 	3.4949775403e+00                 	2.7890115585e+00                 	5.5617180192e-01                 	9.3847541492e-01                 
9.3000000000e-02	6.7561132335e+05	6.2839959209e+00                 	3.4835026756e+00                 	2.8004932454e+00                 	5.5434515225e-01                 	9.4128938165e-01                 
9.5400000000e-02	6.5861481207e+05	6.2840096173e+00                 	3.4713511526e+00                 	2.8126584647e+00                 	5.5241022277e-01                 	9.4426154695e-01                 
9.9200000000e-02	6.3338561564e+05	6.2840313113e+00                 	3.4622256984e+00                 	2.8218056129e+00                 	5.5095615010e-01                 	9.4634699043e-01                 
1.0330000000e-01	6.0824639953e+05	6.2840545326e+00                 	3.4531637700e+00                 	2.8308907626e+00                 	5.4951206296e-01                 	9.4829376192e-01                 
1.0780000000e-01	5.8285577989e+05	6.2840795099e+00                 	3.4350820998e+00                 	2.8489974101e+00                 	5.4663250113e-01                 	9.5251084035e-01                 
1.1000000000e-01	5.7119866429e+05	6.2840914751e+00                 	3.4289665890e+00                 	2.8551248861e+00                 	5.4565828689e-01                 	9.5404411736e-01                 
1.1270000000e-01	5.5751422424e+05	6.2841060926e+00                 	3.4241569096e+00                 	2.8599491830e+00                 	5.4489164555e-01                 	9.5525230069e-01                 
1.1400000000e-01	5.5115660589e+05	6.2841130830e+00                 	3.4229015839e+00                 	2.8612114991e+00                 	5.4469127762e-01                 	9.5558997422e-01                 
1.1810000000e-01	5.3202246462e+05	6.2841351570e+00                 	3.4252478034e+00                 	2.8588873536e+00                 	5.4506272030e-01                 	9.5505542967e-01                 
1.2100000000e-01	5.1927151299e+05	6.2841508760e+00                 	3.4315422147e+00                 	2.8526086614e+00                 	5.4606298963e-01                 	9.5341745812e-01                 
1.2400000000e-01	5.0670849251e+05	6.2841670844e+00                 	3.4281589946e+00                 	2.8560080899e+00                 	5.4552320912e-01                 	9.5396466963e-01                 
1.2720000000e-01	4.9396110905e+05	6.2841839595e+00                 	3.4162830773e+00                 	2.8679008822e+00                 	5.4363193365e-01                 	9.5670839031e-01                 
1.2950000000e-01	4.8518805461e+05	6.2841957356e+00                 	3.4008824781e+00                 	2.8833132574e+00                 	5.4118022755e-01                 	9.6042562394e-01                 
1.3050000000e-01	4.8147013848e+05	6.2842006045e+00                 	3.3932645640e+00                 	2.8909360405e+00                 	5.3996757544e-01                 	9.6232969407e-01                 
1.3190000000e-01	4.7635976552e+05	6.2842072487e+00                 	3.3870717053e+00                 	2.8971355434e+00                 	5.3898154075e-01                 	9.6398662948e-01                 
1.3330000000e-01	4.7135673722e+05	6.2842138213e+00                 	3.3851423707e+00                 	2.8990714506e+00                 	5.3867396416e-01                 	9.6467996310e-01                 
1.3480000000e-01	4.6611166967e+05	6.2842207799e+00                 	3.3860936436e+00                 	2.8981271364e+00                 	5.3882474250e-01                 	9.6478371061e-01                 
1.3620000000e-01	4.6132050714e+05	6.2842272098e+00                 	3.3942930713e+00                 	2.8899341385e+00                 	5.4012895428e-01                 	9.6334710422e-01                 
1.3700000000e-01	4.5862666476e+05	6.2842311541e+00                 	3.4074940605e+00                 	2.8767370937e+00                 	5.4222926829e-01                 	9.6058677350e-01                 
1.3780000000e-01	4.5596410067e+05	6.2842352346e+00                 	3.4168336426e+00                 	2.8674015920e+00                 	5.4371510853e-01                 	9.5857685850e-01                 
1.3870000000e-01	4.5300542950e+05	6.2842403412e+00                 	3.4438628119e+00                 	2.8403775293e+00                 	5.4801577039e-01                 	9.5240525234e-01                 
1.3930000000e-01	4.5105422162e+05	6.2842439344e+00                 	3.4533542832e+00                 	2.8308896512e+00                 	5.4952581714e-01                 	9.4991803744e-01                 
1.4090000000e-01	4.4593224323e+05	6.2842532834e+00                 	3.4831590068e+00                 	2.8010942766e+00                 	5.5426776256e-01                 	9.4228311014e-01                 
1.4250000000e-01	4.4092528471e+05	6.2842626143e+00                 	3.5060664149e+00                 	2.7781961994e+00                 	5.5791214182e-01                 	9.3589076591e-01                 
1.4350000000e-01	4.3785263465e+05	6.2842683912e+00                 	3.5188950625e+00                 	2.7653733287e+00                 	5.5995301973e-01                 	9.3214620502e-01                 
1.4420000000e-01	4.3572713642e+05	6.2842724243e+00                 	3.5269623016e+00                 	2.7573101227e+00                 	5.6123637924e-01                 	9.2967095055e-01                 
1.4500000000e-01	4.3332312463e+05	6.2842768248e+00                 	3.5291306517e+00                 	2.7551461731e+00                 	5.6158102994e-01                 	9.2863569659e-01                 
1.4590000000e-01	4.3065012386e+05	6.2842817337e+00                 	3.5344510554e+00                 	2.7498306783e+00                 	5.6242721207e-01                 	9.2683442837e-01                 
1.4680000000e-01	4.2800989831e+05	6.2842864206e+00                 	3.5306219338e+00                 	2.7536644868e+00                 	5.6181747577e-01                 	9.2738300422e-01                 
1.4760000000e-01	4.2569006146e+05	6.2842905977e+00                 	3.5326816342e+00                 	2.7516089635e+00                 	5.6214485618e-01                 	9.2660405816e-01                 
1.4800000000e-01	4.2453954778e+05	6.2842926595e+00                 	3.5308430672e+00                 	2.7534495923e+00                 	5.6185210628e-01                 	9.2689681740e-01                 
1.4850000000e-01	4.2311012170e+05	6.2842951679e+00                 	3.5275941850e+00                 	2.7567009829e+00                 	5.6133489767e-01                 	9.2760425178e-01                 
1.4940000000e-01	4.2056126554e+05	6.2842996819e+00                 	3.5236176748e+00                 	2.7606820072e+00                 	5.6070172543e-01                 	9.2845426883e-01                 
1.5120000000e-01	4.1555458381e+05	6.2843086352e+00                 	3.5144519922e+00                 	2.7698566430e+00                 	5.5924242367e-01                 	9.3057689992e-01                 
1.5310000000e-01	4.1039747271e+05	6.2843181068e+00                 	3.5116202332e+00                 	2.7726978736e+00                 	5.5879097359e-01                 	9.3113479436e-01                 
1.5400000000e-01	4.0799904592e+05	6.2843225866e+00                 	3.5079964788e+00                 	2.7763261079e+00                 	5.5821394119e-01                 	9.3196592039e-01                 
1.5500000000e-01	4.0536679401e+05	6.2843275356e+00                 	3.5059453495e+00                 	2.7783821861e+00                 	5.5788711356e-01                 	9.3244006129e-01                 
1.5690000000e-01	4.0045795457e+05	6.2843369419e+00                 	3.4992670848e+00                 	2.7850698571e+00                 	5.5682359447e-01                 	9.3405906662e-01                 
1.5800000000e-01	3.9766995615e+05	6.2843423775e+00                 	3.4944544983e+00                 	2.7898878791e+00                 	5.5605730694e-01                 	9.3527971951e-01                 
1.5890000000e-01	3.9541757754e+05	6.2843468272e+00                 	3.4881668668e+00                 	2.7961799604e+00                 	5.5505639054e-01                 	9.3692102645e-01                 
1.6100000000e-01	3.9025995697e+05	6.2843571489e+00                 	3.4689842194e+00                 	2.8153729295e+00                 	5.5200303503e-01                 	9.4201627746e-01                 
1.6250000000e-01	3.8665755736e+05	6.2843644810e+00                 	3.4568919577e+00                 	2.8274725233e+00                 	5.5007820888e-01                 	9.4521919141e-01                 
1.6480000000e-01	3.8126124437e+05	6.2843756349e+00                 	3.4423103411e+00                 	2.8420652938e+00                 	5.4775693579e-01                 	9.4904889708e-01                 
1.6690000000e-01	3.7646406873e+05	6.2843857459e+00                 	3.4325265333e+00                 	2.8518592126e+00                 	5.4619921057e-01                 	9.5159231988e-01                 
1.6920000000e-01	3.7134664936e+05	6.2843967577e+00                 	3.4241177538e+00                 	2.8602790038e+00                 	5.4486021266e-01                 	9.5375891172e-01                 
1.7130000000e-01	3.6679423860e+05	6.2844067632e+00                 	3.4182210921e+00                 	2.8661856711e+00                 	5.4392104473e-01                 	9.5526678527e-01                 
1.7370000000e-01	3.6172626984e+05	6.2844181463e+00                 	3.4124391198e+00                 	2.8719790266e+00                 	5.4300001055e-01                 	9.5673542014e-01                 
1.7570000000e-01	3.5760872551e+05	6.2844276188e+00                 	3.4083367152e+00                 	2.8760909036e+00                 	5.4234640320e-01                 	9.5777376112e-01                 
1.7790000000e-01	3.5318635791e+05	6.2844430091e+00                 	3.4730147116e+00                 	2.8114282975e+00                 	5.5263683776e-01                 	9.5489433753e-01                 
1.8020000000e-01	3.4867842992e+05	6.2846316654e+00                 	4.2150666973e+00                 	2.0695649681e+00                 	6.7069430982e-01                 	9.2348379017e-01                 
1.8090000000e-01	3.4732920438e+05	6.2850229507e+00                 	4.5867492167e+00                 	1.6982737340e+00                 	7.2979036873e-01                 	9.0959730672e-01                 
1.8210000000e-01	3.4504037931e+05	6.2840687046e+00                 	5.1326867825e+00                 	1.1513819221e+00                 	8.1677763624e-01                 	8.9053899271e-01                 
1.8330000000e-01	3.4278152249e+05	6.2839876487e+00                 	5.6344065076e+00                 	6.4958114112e-01                 	8.9662915056e-01                 	8.7417018930e-01                 
1.8430000000e-01	3.4092161189e+05	6.2849335744e+00                 	5.9396506061e+00                 	3.4528296828e-01                 	9.4506179513e-01                 	8.6495363325e-01                 
1.8500000000e-01	3.3963163823e+05	6.2846969038e+00                 	6.0598801435e+00                 	2.2481676038e-01                 	9.6422790728e-01                 	8.6159547167e-01                 
1.8600000000e-01	3.3780566168e+05	6.2836354427e+00                 	6.1497701520e+00                 	1.3386529070e-01                 	9.7869620351e-01                 	8.5940093597e-01                 
1.8700000000e-01	3.3599921429e+05	6.2845251571e+00                 	6.1845349708e+00                 	9.9990186251e-02                 	9.8408946042e-01                 	8.5907652576e-01                 
1.8800000000e-01	3.3421198442e+05	6.2837379327e+00                 	6.1983636804e+00                 	8.5374252283e-02                 	9.8641346071e-01                 	8.5942322484e-01                 
1.8900000000e-01	3.3244366705e+05	6.2845175555e+00                 	6.2067101046e+00                 	7.7807450911e-02                 	9.8761918473e-01                 	8.6015251566e-01                 
1.9000000000e-01	3.3069396354e+05	6.2845622012e+00                 	6.2175368946e+00                 	6.7025306567e-02                 	9.8933492829e-01                 	8.6044228651e-01                 
1.9100000000e-01	3.2896258153e+05	6.2843289493e+00                 	6.2226969166e+00                 	6.1632032729e-02                 	9.9019274242e-01                 	8.6022096807e-01                 
1.9300000000e-01	3.2555364286e+05	6.2847674045e+00                 	6.2277644302e+00                 	5.7002974331e-02                 	9.9092997868e-01                 	8.6203145210e-01                 
1.9500000000e-01	3.2221463114e+05	6.2844003370e+00                 	6.2296500634e+00                 	5.4750273641e-02                 	9.9128790804e-01                 	8.6268960667e-01                 
2.1000000000e-01	2.9919930034e+05	6.2848368039e+00                 	6.2426120870e+00                 	4.2224716802e-02                 	9.9328149352e-01                 	8.6925267974e-01                 
2.5000000000e-01	2.5132741229e+05	6.2846288462e+00                 	6.2616563790e+00                 	2.2972467187e-02                 	9.9634465809e-01                 	8.7867629780e-01                 
3.0000000000e-01	2.0943951024e+05	6.2848011528e+00                 	6.2726170087e+00                 	1.2184144142e-02                 	9.9806133180e-01                 	8.8420390184e-01                 
3.5000000000e-01	1.7951958021e+05	6.2854155237e+00                 	6.2782843995e+00                 	7.1311241781e-03                 	9.9886544905e-01                 	8.8730785259e-01                 
4.0000000000e-01	1.5707963268e+05	6.2854376658e+00                 	6.2809518485e+00                 	4.4858173081e-03                 	9.9928631584e-01                 	8.8920750071e-01                 
4.1000000000e-01	1.5324842213e+05	6.2853761627e+00                 	6.2813227285e+00                 	4.0534341811e-03                 	9.9935510078e-01                 	8.8950416892e-01                 
4.2000000000e-01	1.4959965017e+05	6.2855050119e+00                 	6.2819395607e+00                 	3.5654511684e-03                 	9.9943275025e-01                 	8.8978785337e-01                 
4.3000000000e-01	1.4612058854e+05	6.2851788818e+00                 	6.2819786838e+00                 	3.2001979507e-03                 	9.9949083423e-01                 	8.9003650189e-01                 
4.4000000000e-01	1.4279966607e+05	6.2854736439e+00                 	6.2826013219e+00                 	2.8723220311e-03                 	9.9954302218e-01                 	8.9028997231e-01                 
4.5000000000e-01	1.3962634016e+05	6.2855563248e+00                 	6.2832938097e+00                 	2.2625150886e-03                 	9.9964004537e-01                 	8.9052172050e-01                 
4.6000000000e-01	1.3659098494e+05	6.2856205283e+00                 	6.2834049126e+00                 	2.2156157232e-03                 	9.9964751042e-01                 	8.9068738087e-01                 
4.7000000000e-01	1.3368479377e+05	6.2854428083e+00                 	6.2832615972e+00                 	2.1812110852e-03                 	9.9965297416e-01                 	8.9087527180e-01                 
4.8000000000e-01	1.3089969390e+05	6.2853056679e+00                 	6.2830397511e+00                 	2.2659168517e-03                 	9.9963948979e-01                 	8.9104834577e-01                 
4.9000000000e-01	1.2822827158e+05	6.2859595956e+00                 	6.2835576198e+00                 	2.4019758177e-03                 	9.9961788240e-01                 	8.9125031669e-01                 
5.0000000000e-01	1.2566370614e+05	6.2855422933e+00                 	6.2830145388e+00                 	2.5277545638e-03                 	9.9959784622e-01                 	8.9146419930e-01                 
5.1000000000e-01	1.2319971191e+05	6.2860724063e+00                 	6.2833007647e+00                 	2.7716415799e-03                 	9.9955908214e-01                 	8.9161860213e-01                 
5.2000000000e-01	1.2083048668e+05	6.2857724674e+00                 	6.2829018450e+00                 	2.8706224478e-03                 	9.9954331429e-01                 	8.9175482439e-01                 
5.3000000000e-01	1.1855066617e+05	6.2856241533e+00                 	6.2824594739e+00                 	3.1646794532e-03                 	9.9949652105e-01                 	8.9188358810e-01                 
5.4000000000e-01	1.1635528347e+05	6.2867741366e+00                 	6.2831912394e+00                 	3.5828971889e-03                 	9.9943008972e-01                 	8.9207608680e-01                 
5.5000000000e-01	1.1423973286e+05	6.2889875774e+00                 	6.2852552681e+00                 	3.7323093175e-03                 	9.9940653257e-01                 	8.9228788835e-01                 
5.6000000000e-01	1.1219973763e+05	6.2850327292e+00                 	6.2811549719e+00                 	3.8777573617e-03                 	9.9938301716e-01                 	8.9232491053e-01                 
5.7000000000e-01	1.1023132118e+05	6.2840188443e+00                 	6.2799178274e+00                 	4.1010169545e-03                 	9.9934738946e-01                 	8.9240948058e-01                 
5.8000000000e-01	1.0833078116e+05	6.2854441137e+00                 	6.2808477437e+00                 	4.5963699610e-03                 	9.9926872789e-01                 	8.9260474745e-01                 
5.9000000000e-01	1.0649466622e+05	6.2871715633e+00                 	6.2817161296e+00                 	5.4554336597e-03                 	9.9913229127e-01                 	8.9273119325e-01                 
6.0000000000e-01	1.0471975512e+05	6.2868503536e+00                 	6.2805501443e+00                 	6.3002092824e-03                 	9.9899787510e-01                 	8.9284331981e-01                 
6.1000000000e-01	1.0300303782e+05	6.2852061462e+00                 	6.2777268034e+00                 	7.4793428738e-03                 	9.9881000834e-01                 	8.9296905283e-01                 
6.2000000000e-01	1.0134169850e+05	6.2849557185e+00                 	6.2758348844e+00                 	9.1208340467e-03                 	9.9854878309e-01                 	8.9312515354e-01                 
6.3000000000e-01	9.9733100114e+04	6.2868695789e+00                 	6.2759937872e+00                 	1.0875791692e-02                 	9.9827007837e-01                 	8.9332808860e-01                 
6.4000000000e-01	9.8174770425e+04	6.2872883469e+00                 	6.2747296083e+00                 	1.2558738570e-02                 	9.9800251907e-01                 	8.9338486759e-01                 
6.5000000000e-01	9.6664389341e+04	6.2861341778e+00                 	6.2716541602e+00                 	1.4480017556e-02                 	9.9769651472e-01                 	8.9350071742e-01                 
6.6000000000e-01	9.5199777382e+04	6.2859939204e+00                 	6.2694400323e+00                 	1.6553888069e-02                 	9.9736654405e-01                 	8.9361667830e-01                 
6.7000000000e-01	9.3778885182e+04	6.2856964797e+00                 	6.2671490655e+00                 	1.8547414164e-02                 	9.9704926666e-01                 	8.9379310595e-01                 
6.8000000000e-01	9.2399783929e+04	6.2845985532e+00                 	6.2644061192e+00                 	2.0192434001e-02                 	9.9678699700e-01                 	8.9392152836e-01                 
6.9000000000e-01	9.1060656626e+04	6.2865079691e+00                 	6.2636369598e+00                 	2.2871009316e-02                 	9.9636188971e-01                 	8.9411465170e-01                 
7.0000000000e-01	8.9759790103e+04	6.2871914537e+00                 	6.2599596347e+00                 	2.7231819005e-02                 	9.9566868304e-01                 	8.9423717407e-01                 
7.1000000000e-01	8.8495567707e+04	6.2864685807e+00                 	6.2546700021e+00                 	3.1798578646e-02                 	9.9494174221e-01                 	8.9439317973e-01                 
7.2000000000e-01	8.7266462600e+04	6.2868017911e+00                 	6.2501475308e+00                 	3.6654260373e-02                 	9.9416964912e-01                 	8.9465254620e-01                 
7.3000000000e-01	8.6071031605e+04	6.2860194059e+00                 	6.2474720411e+00                 	3.8547364757e-02                 	9.9386776237e-01                 	8.9473273555e-01                 
7.4000000000e-01	8.4907909556e+04	6.2863060061e+00                 	6.2428295305e+00                 	4.3476475576e-02                 	9.9308393904e-01                 	8.9493561076e-01                 
7.5000000000e-01	8.3775804096e+04	6.2871587303e+00                 	6.2360809159e+00                 	5.1077814384e-02                 	9.9187585099e-01                 	8.9528573347e-01                 
7.6000000000e-01	8.2673490884e+04	6.2870413573e+00                 	6.2263742391e+00                 	6.0667118209e-02                 	9.9035045027e-01                 	8.9555673200e-01                 
7.7000000000e-01	8.1599809184e+04	6.2858155904e+00                 	6.2133108029e+00                 	7.2504787471e-02                 	9.8846533335e-01                 	8.9568883324e-01                 
7.8000000000e-01	8.0553657784e+04	6.2863376856e+00                 	6.2015203771e+00                 	8.4817308510e-02                 	9.8650767541e-01                 	8.9619582953e-01                 
7.9000000000e-01	7.9533991230e+04	6.2864641455e+00                 	6.1893475391e+00                 	9.7116606451e-02                 	9.8455147374e-01                 	8.9623457991e-01                 
8.0000000000e-01	7.8539816340e+04	6.2866519651e+00                 	6.1784472321e+00                 	1.0820473306e-01                 	9.8278817824e-01                 	8.9676534834e-01                 
8.1000000000e-01	7.7570188978e+04	6.2866171870e+00                 	6.1751850780e+00                 	1.1143210901e-01                 	9.8227471060e-01                 	8.9710259481e-01                 
8.2000000000e-01	7.6624211063e+04	6.2867508856e+00                 	6.1743562827e+00                 	1.1239460287e-01                 	9.8212198878e-01                 	8.9724926199e-01                 
8.3000000000e-01	7.5701027797e+04	6.2863649830e+00                 	6.1736270168e+00                 	1.1273796621e-01                 	9.8206627097e-01                 	8.9711249382e-01                 
8.4000000000e-01	7.4799825085e+04	6.2869050070e+00                 	6.1711412707e+00                 	1.1576373624e-01                 	9.8158653008e-01                 	8.9741116428e-01                 
8.5000000000e-01	7.3919827143e+04	6.2872723848e+00                 	6.1486700679e+00                 	1.3860231690e-01                 	9.7795509588e-01                 	8.9761460669e-01                 
8.6000000000e-01	7.3060294270e+04	6.2863471499e+00                 	6.1262868316e+00                 	1.6006031830e-01                 	9.7453842200e-01                 	8.9820489562e-01                 
8.7000000000e-01	7.2220520772e+04	6.2870859550e+00                 	6.0937894921e+00                 	1.9329646287e-01                 	9.6925499917e-01                 	8.9937612205e-01                 
8.8000000000e-01	7.1399833036e+04	6.2873766548e+00                 	6.0475045592e+00                 	2.3987209562e-01                 	9.6184862005e-01                 	9.0020295249e-01                 
8.9000000000e-01	7.0597587721e+04	6.2871290788e+00                 	6.0121654716e+00                 	2.7496360717e-01                 	9.5626563353e-01                 	9.0143602495e-01                 
9.0000000000e-01	6.9813170080e+04	6.2875944734e+00                 	5.9964940290e+00                 	2.9110044449e-01                 	9.5370241422e-01                 	9.0147843666e-01                 
9.1000000000e-01	6.9045992387e+04	6.2866475441e+00                 	5.9835435598e+00                 	3.0310398433e-01                 	9.5178607005e-01                 	9.0218400727e-01                 
9.2000000000e-01	6.8295492469e+04	6.2873832231e+00                 	5.9682349510e+00                 	3.1914827207e-01                 	9.4923988872e-01                 	9.0256574307e-01                 
9.3000000000e-01	6.7561132335e+04	6.2869727889e+00                 	5.9480645088e+00                 	3.3890828017e-01                 	9.4609356656e-01                 	9.0309440423e-01                 
9.4000000000e-01	6.6842396885e+04	6.2869339816e+00                 	5.9255885084e+00                 	3.6134547322e-01                 	9.4252437289e-01                 	9.0357236088e-01                 
9.5000000000e-01	6.6138792707e+04	6.2865975777e+00                 	5.8994145456e+00                 	3.8718303203e-01                 	9.3841135412e-01                 	9.0421239918e-01                 
9.6000000000e-01	6.5449846950e+04	6.2873144763e+00                 	5.8153941061e+00                 	4.7192037020e-01                 	9.2494086752e-01                 	9.0629428074e-01                 
9.7000000000e-01	6.4775106260e+04	6.2875721849e+00                 	5.7254684078e+00                 	5.6210377713e-01                 	9.1060082324e-01                 	9.0843733973e-01                 
9.8000000000e-01	6.4114135788e+04	6.2867694927e+00                 	5.6279723282e+00                 	6.5879716451e-01                 	8.9520895187e-01                 	9.1076199558e-01                 
9.9000000000e-01	6.3466518254e+04	6.2873507291e+00                 	5.5298222094e+00                 	7.5752851971e-01                 	8.7951546647e-01                 	9.1305259755e-01                 
1.0000000000e+00	6.2831853072e+04	6.2872124521e+00                 	5.4012473408e+00                 	8.8596511138e-01                 	8.5908459144e-01                 	9.1623074282e-01                 
1.0100000000e+00	6.2209755517e+04	6.2869281159e+00                 	5.2450390512e+00                 	1.0418890647e+00                 	8.3427692420e-01                 	9.2002250531e-01                 
1.0200000000e+00	6.1599855953e+04	6.2873990068e+00                 	5.1541881366e+00                 	1.1332108702e+00                 	8.1976475980e-01                 	9.2225289141e-01                 
1.0300000000e+00	6.1001799099e+04	6.2874524931e+00                 	5.1324166557e+00                 	1.1550358374e+00                 	8.1629509907e-01                 	9.2290556587e-01                 
1.0400000000e+00	6.0415243338e+04	6.2875127488e+00                 	5.1407832368e+00                 	1.1467295120e+00                 	8.1761794245e-01                 	9.2270692804e-01                 
1.0500000000e+00	5.9839860068e+04	6.2874874455e+00                 	5.2101701896e+00                 	1.0773172559e+00                 	8.2865695315e-01                 	9.2108776266e-01                 
1.0600000000e+00	5.9275333087e+04	6.2876966771e+00                 	5.3011663454e+00                 	9.8653033174e-01                 	8.4310147541e-01                 	9.1890361779e-01                 
1.0700000000e+00	5.8721358011e+04	6.2871571992e+00                 	5.3694953705e+00                 	9.1766182862e-01                 	8.5404185078e-01                 	9.1734587539e-01                 
1.0800000000e+00	5.8177641733e+04	6.2870712254e+00                 	5.4052967028e+00                 	8.8177452259e-01                 	8.5974796674e-01                 	9.1652530536e-01                 
1.0900000000e+00	5.7643901901e+04	6.2876468431e+00                 	5.4167244115e+00                 	8.7092243164e-01                 	8.6148674482e-01                 	9.1627201555e-01                 
1.1000000000e+00	5.7119866429e+04	6.2875689428e+00                 	5.4356920820e+00                 	8.5187686079e-01                 	8.6451411212e-01                 	9.1588717441e-01                 
1.1100000000e+00	5.6605273038e+04	6.2869656333e+00                 	5.4168353230e+00                 	8.7013031036e-01                 	8.6159773075e-01                 	9.1639124890e-01                 
1.1200000000e+00	5.6099868814e+04	6.2872374639e+00                 	5.3992022341e+00                 	8.8803522980e-01                 	8.5875589480e-01                 	9.1681406203e-01                 
1.1300000000e+00	5.5603409798e+04	6.2872606596e+00                 	5.3200759475e+00                 	9.6718471214e-01                 	8.4616754983e-01                 	9.1879931433e-01                 
1.1400000000e+00	5.5115660589e+04	6.2870892502e+00                 	5.2482852895e+00                 	1.0388039607e+00                 	8.3477187625e-01                 	9.2054146865e-01                 
1.1500000000e+00	5.4636393975e+04	6.2871229149e+00                 	5.2413460442e+00                 	1.0457768707e+00                 	8.3366368292e-01                 	9.2080013279e-01                 
1.1600000000e+00	5.4165390579e+04	6.2875160289e+00                 	4.9986331963e+00                 	1.2888828326e+00                 	7.9500921720e-01                 	9.2673932216e-01                 
1.1700000000e+00	5.3702438523e+04	6.2877541047e+00                 	4.7781281316e+00                 	1.5096259730e+00                 	7.5991014472e-01                 	9.3231245792e-01                 
1.1800000000e+00	5.3247333112e+04	6.2877957311e+00                 	4.5614491430e+00                 	1.7263465880e+00                 	7.2544486783e-01                 	9.3789752417e-01                 
1.1900000000e+00	5.2799876531e+04	6.2879348345e+00                 	4.3700743366e+00                 	1.9178604979e+00                 	6.9499357923e-01                 	9.4299546189e-01                 
1.2000000000e+00	5.2359877560e+04	6.2878736968e+00                 	4.2177058492e+00                 	2.0701678475e+00                 	6.7076822033e-01                 	9.4716405661e-01                 
1.2100000000e+00	5.1927151299e+04	6.2874942589e+00                 	3.9696817120e+00                 	2.3178125469e+00                 	6.3136148496e-01                 	9.5417466276e-01                 
1.2200000000e+00	5.1501518911e+04	6.2878707917e+00                 	3.8289721604e+00                 	2.4588986314e+00                 	6.0894574446e-01                 	9.5837323878e-01                 
1.2300000000e+00	5.1082807375e+04	6.2878931812e+00                 	3.7510526336e+00                 	2.5368405476e+00                 	5.9655158342e-01                 	9.6078231567e-01                 
1.2400000000e+00	5.0670849251e+04	6.2878053641e+00                 	3.6984694081e+00                 	2.5893359560e+00                 	5.8819718390e-01                 	9.6244370634e-01                 
1.2500000000e+00	5.0265482457e+04	6.2877828638e+00                 	3.6640202944e+00                 	2.6237625693e+00                 	5.8272055092e-01                 	9.6356246425e-01                 
1.2600000000e+00	4.9866550057e+04	6.2879413870e+00                 	3.6537359049e+00                 	2.6342054821e+00                 	5.8107028676e-01                 	9.6391039243e-01                 
1.2700000000e+00	4.9473900057e+04	6.2877744146e+00                 	3.6436172569e+00                 	2.6441571577e+00                 	5.7947645966e-01                 	9.6425218851e-01                 
1.2800000000e+00	4.9087385212e+04	6.2879898975e+00                 	3.6594110281e+00                 	2.6285788694e+00                 	5.8196833770e-01                 	9.6377965938e-01                 
1.2900000000e+00	4.8706862846e+04	6.2880252993e+00                 	3.6701733312e+00                 	2.6178519681e+00                 	5.8367661650e-01                 	9.6346363969e-01                 
1.3000000000e+00	4.8332194671e+04	6.2877996628e+00                 	3.6754192586e+00                 	2.6123804042e+00                 	5.8453186419e-01                 	9.6331112467e-01                 
1.3100000000e+00	4.7963246620e+04	6.2878913148e+00                 	3.6864478333e+00                 	2.6014434815e+00                 	5.8627728259e-01                 	9.6300785577e-01                 
1.3200000000e+00	4.7599888691e+04	6.2881086044e+00                 	3.6866612878e+00                 	2.6014473167e+00                 	5.8629096914e-01                 	9.6303498708e-01                 
1.3300000000e+00	4.7241994791e+04	6.2878687584e+00                 	3.6919145183e+00                 	2.5959542401e+00                 	5.8714878764e-01                 	9.6288329752e-01                 
1.3400000000e+00	4.6889442591e+04	6.2880248543e+00                 	3.6865106480e+00                 	2.6015142063e+00                 	5.8627482133e-01                 	9.6308783069e-01                 
1.3500000000e+00	4.6542113387e+04	6.2879042210e+00                 	3.6655052015e+00                 	2.6223990195e+00                 	5.8294545728e-01                 	9.6376832763e-01                 
1.3600000000e+00	4.6199891965e+04	6.2878949765e+00                 	3.6557054507e+00                 	2.6321895258e+00                 	5.8138780376e-01                 	9.6410549321e-01                 
1.3700000000e+00	4.5862666476e+04	6.2879209602e+00                 	3.6326078646e+00                 	2.6553130956e+00                 	5.7771207488e-01                 	9.6488247970e-01                 
1.3800000000e+00	4.5530328313e+04	6.2879548397e+00                 	3.5954826015e+00                 	2.6924722382e+00                 	5.7180477487e-01                 	9.6610903221e-01                 
1.3900000000e+00	4.5202771994e+04	6.2882204763e+00                 	3.5443494356e+00                 	2.7438710408e+00                 	5.6364904013e-01                 	9.6783710703e-01                 
1.4000000000e+00	4.4879895051e+04	6.2880598918e+00                 	3.4849642059e+00                 	2.8030956860e+00                 	5.5421930863e-01                 	9.6989942806e-01                 
1.4100000000e+00	4.4561597923e+04	6.2881798118e+00                 	3.4074407136e+00                 	2.8807390983e+00                 	5.4188029216e-01                 	9.7274558052e-01                 
1.4200000000e+00	4.4247783853e+04	6.2881879022e+00                 	3.3359666964e+00                 	2.9522212058e+00                 	5.3051320162e-01                 	9.7578801700e-01                 
1.4300000000e+00	4.3938358791e+04	6.2882109121e+00                 	3.3344477808e+00                 	2.9537631313e+00                 	5.3026971064e-01                 	9.7590449700e-01                 
1.4400000000e+00	4.3633231300e+04	6.2882342261e+00                 	3.3343110209e+00                 	2.9539232052e+00                 	5.3024599609e-01                 	9.7593765386e-01                 
1.4490000000e+00	4.3362217441e+04	6.2882552059e+00                 	3.3342258429e+00                 	2.9540293631e+00                 	5.3023068143e-01                 	9.7595964315e-01                 
1.4600000000e+00	4.3035515803e+04	6.2882807895e+00                 	3.3341443809e+00                 	2.9541364086e+00                 	5.3021556965e-01                 	9.7598164876e-01                 
1.4710000000e+00	4.2713700253e+04	6.2883063087e+00                 	3.3340628540e+00                 	2.9542434547e+00                 	5.3020045309e-01                 	9.7600364752e-01                 
1.4810000000e+00	4.2425289042e+04	6.2883294445e+00                 	3.3339794066e+00                 	2.9543500379e+00                 	5.3018523219e-01                 	9.7602562490e-01                 
1.4930000000e+00	4.2084295427e+04	6.2883571559e+00                 	3.3338996077e+00                 	2.9544575481e+00                 	5.3017020584e-01                 	9.7604762444e-01                 
1.5040000000e+00	4.1776498053e+04	6.2883825194e+00                 	3.3338177961e+00                 	2.9545647233e+00                 	5.3015505749e-01                 	9.7606962379e-01                 
1.5150000000e+00	4.1473170344e+04	6.2884078357e+00                 	3.3337358715e+00                 	2.9546719642e+00                 	5.3013989528e-01                 	9.7609162728e-01                 
1.5270000000e+00	4.1147251520e+04	6.2884353777e+00                 	3.3336557276e+00                 	2.9547796500e+00                 	5.3012482874e-01                 	9.7611363543e-01                 
1.5380000000e+00	4.0852960385e+04	6.2884605647e+00                 	3.3335224978e+00                 	2.9549380669e+00                 	5.3010151905e-01                 	9.7614655647e-01                 
1.5630000000e+00	4.0199522119e+04	6.2885176055e+00                 	3.3333123771e+00                 	2.9552052284e+00                 	5.3006329729e-01                 	9.7620149455e-01                 
1.5870000000e+00	3.9591589837e+04	6.2885720736e+00                 	3.3329976706e+00                 	2.9555744030e+00                 	5.3000866199e-01                 	9.7627822417e-01                 
1.6130000000e+00	3.8953411700e+04	6.2886307514e+00                 	3.3326861330e+00                 	2.9559446184e+00                 	5.2995417680e-01                 	9.7635492271e-01                 
1.6500000000e+00	3.8079910953e+04	6.2887137414e+00                 	3.3321886580e+00                 	2.9565250834e+00                 	5.2986807717e-01                 	9.7647531529e-01                 
1.6800000000e+00	3.7399912543e+04	6.2887805639e+00                 	3.3317803553e+00                 	2.9570002086e+00                 	5.2979752138e-01                 	9.7657372424e-01                 
1.7000000000e+00	3.6959913572e+04	6.2888248845e+00                 	3.3314564478e+00                 	2.9573684367e+00                 	5.2974228238e-01                 	9.7665016977e-01                 
1.7300000000e+00	3.6318990215e+04	6.2888910240e+00                 	3.3309958714e+00                 	2.9578951526e+00                 	5.2966347464e-01                 	9.7675928593e-01                 
1.7600000000e+00	3.5699916518e+04	6.2889567597e+00                 	3.3304850094e+00                 	2.9584717503e+00                 	5.2957670671e-01                 	9.7687901689e-01                 
1.8000000000e+00	3.4906585040e+04	6.2890439200e+00                 	3.3298225485e+00                 	2.9592213715e+00                 	5.2946403155e-01                 	9.7703942715e-01                 
1.8300000000e+00	3.4334345941e+04	6.2891076321e+00                 	3.3294898417e+00                 	2.9596177905e+00                 	5.2940576572e-01                 	9.7715474341e-01                 
1.8400000000e+00	3.4147746235e+04	6.2891273836e+00                 	3.3293970872e+00                 	2.9597302964e+00                 	5.2938935470e-01                 	9.7719997312e-01                 
1.8500000000e+00	3.3963163823e+04	6.2891504414e+00                 	3.3293238166e+00                 	2.9598266248e+00                 	5.2937576349e-01                 	9.7723668062e-01                 
1.8550000000e+00	3.3871618907e+04	6.2891622484e+00                 	3.3289841425e+00                 	2.9601781059e+00                 	5.2932076023e-01                 	9.7728084233e-01                 
1.8600000000e+00	3.3780566168e+04	6.2891744155e+00                 	3.3286333433e+00                 	2.9605410723e+00                 	5.2926395793e-01                 	9.7731876030e-01                 
1.8700000000e+00	3.3599921429e+04	6.2891947458e+00                 	3.3283019368e+00                 	2.9608928090e+00                 	5.2920955246e-01                 	9.7737924624e-01                 
1.8900000000e+00	3.3244366705e+04	6.2892374473e+00                 	3.3278186956e+00                 	2.9614187517e+00                 	5.2912912313e-01                 	9.7748770274e-01                 
1.9050000000e+00	3.2982600038e+04	6.2892693041e+00                 	3.3274306758e+00                 	2.9618386283e+00                 	5.2906474741e-01                 	9.7757431744e-01                 
1.9230000000e+00	3.2673870552e+04	6.2893073610e+00                 	3.3270475754e+00                 	2.9622597855e+00                 	5.2900063305e-01                 	9.7766084561e-01                 
1.9420000000e+00	3.2354198286e+04	6.2893474378e+00                 	3.3266658742e+00                 	2.9626815636e+00                 	5.2893657205e-01                 	9.7774730194e-01                 
1.9610000000e+00	3.2040720587e+04	6.2893873406e+00                 	3.3263358844e+00                 	2.9630514562e+00                 	5.2888074852e-01                 	9.7782284563e-01                 
1.9800000000e+00	3.1733259127e+04	6.2894271620e+00                 	3.3260055094e+00                 	2.9634216525e+00                 	5.2882487130e-01                 	9.7789835480e-01                 
2.0000000000e+00	3.1415926536e+04	6.2894690713e+00                 	3.3256758562e+00                 	2.9637932151e+00                 	5.2876893400e-01                 	9.7797394370e-01                 
2.0200000000e+00	3.1104877758e+04	6.2895109101e+00                 	3.3253454838e+00                 	2.9641654263e+00                 	5.2871288902e-01                 	9.7804955745e-01                 
2.0410000000e+00	3.0784837370e+04	6.2895547499e+00                 	3.3249123018e+00                 	2.9646424480e+00                 	5.2864033052e-01                 	9.7814670466e-01                 
2.0620000000e+00	3.0471315748e+04	6.2895984724e+00                 	3.3244265864e+00                 	2.9651718860e+00                 	5.2855943046e-01                 	9.7825453734e-01                 
2.0830000000e+00	3.0164115733e+04	6.2896420571e+00                 	3.3238883387e+00                 	2.9657537184e+00                 	5.2847019091e-01                 	9.7837299979e-01                 
2.1050000000e+00	2.9848861317e+04	6.2896875986e+00                 	3.3232468948e+00                 	2.9664407038e+00                 	5.2836438101e-01                 	9.7851280944e-01                 
2.1300000000e+00	2.9498522569e+04	6.2897391822e+00                 	3.3224530543e+00                 	2.9672861280e+00                 	5.2823383578e-01                 	9.7868459873e-01                 
2.1500000000e+00	2.9224117708e+04	6.2897802403e+00                 	3.3217023973e+00                 	2.9680778430e+00                 	5.2811104210e-01                 	9.7884533145e-01                 
2.1700000000e+00	2.8954771001e+04	6.2898211335e+00                 	3.3209506733e+00                 	2.9688704602e+00                 	5.2798809423e-01                 	9.7900582075e-01                 
2.1900000000e+00	2.8690343868e+04	6.2898618883e+00                 	3.3201454946e+00                 	2.9697163937e+00                 	5.2785666102e-01                 	9.7917673915e-01                 
2.2200000000e+00	2.8302636519e+04	6.2899227694e+00                 	3.3189353567e+00                 	2.9709874127e+00                 	5.2765915868e-01                 	9.7943261482e-01                 
2.2400000000e+00	2.8049934407e+04	6.2899631871e+00                 	3.3180220340e+00                 	2.9719411530e+00                 	5.2751056490e-01                 	9.7962409620e-01                 
2.2450000000e+00	2.7987462393e+04	6.2899732503e+00                 	3.3178197045e+00                 	2.9721535458e+00                 	5.2747755396e-01                 	9.7966660544e-01                 
2.2500000000e+00	2.7925268032e+04	6.2899833468e+00                 	3.3175647110e+00                 	2.9724186358e+00                 	5.2743616764e-01                 	9.7971971364e-01                 
2.2600000000e+00	2.7801704899e+04	6.2900034566e+00                 	3.3170542398e+00                 	2.9729492168e+00                 	5.2735332543e-01                 	9.7982585478e-01                 
2.2700000000e+00	2.7679230428e+04	6.2900235303e+00                 	3.3165959623e+00                 	2.9734275681e+00                 	5.2727878461e-01                 	9.7992129666e-01                 
2.2900000000e+00	2.7437490424e+04	6.2900635738e+00                 	3.3155727702e+00                 	2.9744908036e+00                 	5.2711275987e-01                 	9.8013305062e-01                 
2.3100000000e+00	2.7199936395e+04	6.2901034668e+00                 	3.3145475849e+00                 	2.9755558819e+00                 	5.2694643298e-01                 	9.8034436485e-01                 
2.3300000000e+00	2.6966460546e+04	6.2901432516e+00                 	3.3134673931e+00                 	2.9766758584e+00                 	5.2677137239e-01                 	9.8056576881e-01                 
2.3500000000e+00	2.6736958754e+04	6.2901829133e+00                 	3.3123318677e+00                 	2.9778510456e+00                 	5.2658752748e-01                 	9.8079718533e-01                 
2.3700000000e+00	2.6511330410e+04	6.2902224745e+00                 	3.3110874452e+00                 	2.9791350293e+00                 	5.2638638119e-01                 	9.8104901628e-01                 
2.3900000000e+00	2.6289478273e+04	6.2902619290e+00                 	3.3098399811e+00                 	2.9804219479e+00                 	5.2618476281e-01                 	9.8130019920e-01                 
2.4100000000e+00	2.6071308329e+04	6.2903012823e+00                 	3.3084291066e+00                 	2.9818721757e+00                 	5.2595717727e-01                 	9.8158198192e-01                 
2.4300000000e+00	2.5856729659e+04	6.2903405209e+00                 	3.3070143012e+00                 	2.9833262197e+00                 	5.2572897926e-01                 	9.8186291857e-01                 
2.4600000000e+00	2.5541403688e+04	6.2903991828e+00                 	3.3045885283e+00                 	2.9858106544e+00                 	5.2533844551e-01                 	9.8233955087e-01                 
2.5000000000e+00	2.5132741229e+04	6.2904770253e+00                 	3.3009200372e+00                 	2.9895569881e+00                 	5.2474876291e-01                 	9.8304966898e-01                 
2.5200000000e+00	2.4933275028e+04	6.2905158406e+00                 	3.2988847930e+00                 	2.9916310476e+00                 	5.2442198328e-01                 	9.8343822524e-01                 
2.5500000000e+00	2.4639942381e+04	6.2905738962e+00                 	3.2953770907e+00                 	2.9951968055e+00                 	5.2385953096e-01                 	9.8409853513e-01                 
2.5650000000e+00	2.4495849151e+04	6.2906028492e+00                 	3.2933656642e+00                 	2.9972371851e+00                 	5.2353736885e-01                 	9.8447189871e-01                 
2.5800000000e+00	2.4353431423e+04	6.2906316814e+00                 	3.2912349657e+00                 	2.9993967157e+00                 	5.2319625951e-01                 	9.8486340260e-01                 
2.5900000000e+00	2.4259402730e+04	6.2906508261e+00                 	3.2896980514e+00                 	3.0009527747e+00                 	5.2295035003e-01                 	9.8514316237e-01                 
2.6000000000e+00	2.4166097335e+04	6.2906698748e+00                 	3.2880446254e+00                 	3.0026252494e+00                 	5.2268592866e-01                 	9.8544164725e-01                 
2.6200000000e+00	2.3981623310e+04	6.2907075515e+00                 	3.2844954886e+00                 	3.0062120629e+00                 	5.2211861093e-01                 	9.8607390200e-01                 
2.6750000000e+00	2.3488543204e+04	6.2908075375e+00                 	3.2722906575e+00                 	3.0185168800e+00                 	5.2017020677e-01                 	9.8815856109e-01                 
2.7250000000e+00	2.3057560760e+04	6.2908866823e+00                 	3.2566813767e+00                 	3.0342053056e+00                 	5.1768240968e-01                 	9.9061743826e-01                 
2.7780000000e+00	2.2617657693e+04	6.2909117988e+00                 	3.2333506887e+00                 	3.0575611101e+00                 	5.1397170904e-01                 	9.9384540646e-01                 
2.8170000000e+00	2.2304527182e+04	6.2907424737e+00                 	3.2136277469e+00                 	3.0771147269e+00                 	5.1085031064e-01                 	9.9619153486e-01                 
2.8330000000e+00	2.2178557385e+04	6.2905372455e+00                 	3.2125575320e+00                 	3.0779797135e+00                 	5.1069684617e-01                 	9.9649725264e-01                 
2.8490000000e+00	2.2054002482e+04	6.2903453758e+00                 	3.2229881948e+00                 	3.0673571810e+00                 	5.1237062549e-01                 	9.9591633755e-01                 
2.8650000000e+00	2.1930838769e+04	6.2903107119e+00                 	3.2550782269e+00                 	3.0352324850e+00                 	5.1747495092e-01                 	9.9335813637e-01                 
2.8820000000e+00	2.1801475736e+04	6.2904272759e+00                 	3.3047906381e+00                 	2.9856366379e+00                 	5.2536822907e-01                 	9.8814073960e-01                 
2.8990000000e+00	2.1673629897e+04	6.2905710994e+00                 	3.3572819465e+00                 	2.9332891528e+00                 	5.3370065985e-01                 	9.8103168029e-01                 
2.9150000000e+00	2.1554666577e+04	6.2907149131e+00                 	3.4051530369e+00                 	2.8855618762e+00                 	5.4129826004e-01                 	9.7268643925e-01                 
2.9330000000e+00	2.1422384273e+04	6.2908467958e+00                 	3.4399994232e+00                 	2.8508473726e+00                 	5.4682613246e-01                 	9.6490090644e-01                 
2.9500000000e+00	2.1298933245e+04	6.2909353885e+00                 	3.4574971966e+00                 	2.8334381919e+00                 	5.4959985806e-01                 	9.6020373237e-01                 
2.9670000000e+00	2.1176896890e+04	6.2910121619e+00                 	3.4782022961e+00                 	2.8128098658e+00                 	5.5288437005e-01                 	9.5501638661e-01                 
2.9850000000e+00	2.1049197009e+04	6.2910901493e+00                 	3.5045866140e+00                 	2.7865035353e+00                 	5.5707143450e-01                 	9.4848583053e-01                 
3.0030000000e+00	2.0923027996e+04	6.2911719514e+00                 	3.5365862950e+00                 	2.7545856564e+00                 	5.6215063303e-01                 	9.4031795886e-01                 
3.0210000000e+00	2.0798362487e+04	6.2912560947e+00                 	3.5689951299e+00                 	2.7222609648e+00                 	5.6729452373e-01                 	9.3146746775e-01                 
3.0400000000e+00	2.0668372721e+04	6.2913465923e+00                 	3.6022130428e+00                 	2.6891335495e+00                 	5.7256630039e-01                 	9.2173858456e-01                 
3.0580000000e+00	2.0546714543e+04	6.2914369498e+00                 	3.6311228015e+00                 	2.6603141483e+00                 	5.7715317350e-01                 	9.1232804455e-01                 
3.0770000000e+00	2.0419841752e+04	6.2915142867e+00                 	3.6333677481e+00                 	2.6581465386e+00                 	5.7750290034e-01                 	9.0898207526e-01                 
3.0960000000e+00	2.0294526186e+04	6.2915709083e+00                 	3.6192745752e+00                 	2.6722963331e+00                 	5.7525769445e-01                 	9.1025987841e-01                 
3.1150000000e+00	2.0170739349e+04	6.2916133217e+00                 	3.6001794723e+00                 	2.6914338493e+00                 	5.7221880753e-01                 	9.1356740141e-01                 
3.1350000000e+00	2.0042058396e+04	6.2916555038e+00                 	3.5887265963e+00                 	2.7029289075e+00                 	5.7039464321e-01                 	9.1541426276e-01                 
3.1550000000e+00	1.9915008898e+04	6.2916960972e+00                 	3.5792159941e+00                 	2.7124801031e+00                 	5.6887935126e-01                 	9.1694098214e-01                 
3.1750000000e+00	1.9789560023e+04	6.2917328403e+00                 	3.5662528571e+00                 	2.7254799832e+00                 	5.6681568459e-01                 	9.1953880639e-01                 
3.1950000000e+00	1.9665681713e+04	6.2917659231e+00                 	3.5488201291e+00                 	2.7429457940e+00                 	5.6404198320e-01                 	9.2356714991e-01                 
3.2150000000e+00	1.9543344657e+04	6.2917978817e+00                 	3.5300847822e+00                 	2.7617130995e+00                 	5.6106137682e-01                 	9.2820479925e-01                 
3.2360000000e+00	1.9416518255e+04	6.2918325886e+00                 	3.5140385390e+00                 	2.7777940496e+00                 	5.5850795289e-01                 	9.3229264099e-01                 
3.2570000000e+00	1.9291327317e+04	6.2918689388e+00                 	3.5018238083e+00                 	2.7900451305e+00                 	5.5656337447e-01                 	9.3541711130e-01                 
3.2790000000e+00	1.9161894807e+04	6.2919077299e+00                 	3.4875458946e+00                 	2.8043618353e+00                 	5.5429069279e-01                 	9.3910106213e-01                 
3.3000000000e+00	1.9039955476e+04	6.2919443694e+00                 	3.4769580122e+00                 	2.8149863572e+00                 	5.5260469707e-01                 	9.4187242256e-01                 
3.3220000000e+00	1.8913863056e+04	6.2919840593e+00                 	3.4679690326e+00                 	2.8240150268e+00                 	5.5117257130e-01                 	9.4420383572e-01                 
3.3450000000e+00	1.8783812578e+04	6.2920257192e+00                 	3.4591283191e+00                 	2.8328974001e+00                 	5.4976385563e-01                 	9.4649819024e-01                 
3.3670000000e+00	1.8661079023e+04	6.2920656082e+00                 	3.4514991519e+00                 	2.8405664563e+00                 	5.4854786437e-01                 	9.4847570811e-01                 
3.3900000000e+00	1.8534469933e+04	6.2921074928e+00                 	3.4439132654e+00                 	2.8481942273e+00                 	5.4733859353e-01                 	9.5043545853e-01                 
3.4130000000e+00	1.8409567264e+04	6.2921489016e+00                 	3.4370626314e+00                 	2.8550862703e+00                 	5.4624623242e-01                 	9.5220107395e-01                 
3.4360000000e+00	1.8286336750e+04	6.2921903213e+00                 	3.4308930152e+00                 	2.8612973062e+00                 	5.4526211700e-01                 	9.5378329530e-01                 
3.4600000000e+00	1.8159495107e+04	6.2922332822e+00                 	3.4249772143e+00                 	2.8672560679e+00                 	5.4431821909e-01                 	9.5529325115e-01                 
3.4840000000e+00	1.8034400996e+04	6.2922757550e+00                 	3.4198215634e+00                 	2.8724541916e+00                 	5.4349518308e-01                 	9.5660332520e-01                 
3.5090000000e+00	1.7905914241e+04	6.2923200630e+00                 	3.4151285983e+00                 	2.8771914647e+00                 	5.4274553172e-01                 	9.5778955416e-01                 
3.5340000000e+00	1.7779245351e+04	6.2923641189e+00                 	3.4107766888e+00                 	2.8815874301e+00                 	5.4205011413e-01                 	9.5888416617e-01                 
3.5590000000e+00	1.7654356019e+04	6.2924079510e+00                 	3.4068053282e+00                 	2.8856026228e+00                 	5.4141520301e-01                 	9.5987830951e-01                 
3.6240000000e+00	1.7337707801e+04	6.2925206176e+00                 	3.3982046428e+00                 	2.8943159748e+00                 	5.4003869821e-01                 	9.6201563165e-01                 
3.7320000000e+00	1.6835973492e+04	6.2927052370e+00                 	3.3881198739e+00                 	2.9045853631e+00                 	5.3842024158e-01                 	9.6449456865e-01                 
3.7750000000e+00	1.6644199489e+04	6.2927781778e+00                 	3.3848426768e+00                 	2.9079355010e+00                 	5.3789321364e-01                 	9.6529307575e-01                 
3.8470000000e+00	1.6332688607e+04	6.2928992059e+00                 	3.3800934315e+00                 	2.9128057744e+00                 	5.3712816953e-01                 	9.6644455688e-01                 
3.9690000000e+00	1.5830650812e+04	6.2931013082e+00                 	3.3740423130e+00                 	2.9190589951e+00                 	5.3614937180e-01                 	9.6790547518e-01                 
4.0990000000e+00	1.5328580891e+04	6.2933143934e+00                 	3.3691431022e+00                 	2.9241712912e+00                 	5.3535273969e-01                 	9.6908370674e-01                 
4.2390000000e+00	1.4822329104e+04	6.2935397808e+00                 	3.3647195199e+00                 	2.9288202609e+00                 	5.3463069069e-01                 	9.7014372059e-01                 
4.3480000000e+00	1.4450748177e+04	6.2937103680e+00                 	3.3621771927e+00                 	2.9315331753e+00                 	5.3421225257e-01                 	9.7075952855e-01                 
4.3870000000e+00	1.4322282442e+04	6.2937700255e+00                 	3.3620113574e+00                 	2.9317586681e+00                 	5.3418083975e-01                 	9.7081177771e-01                 
4.4440000000e+00	1.4138580799e+04	6.2938583960e+00                 	3.3624299921e+00                 	2.9314284039e+00                 	5.3423985424e-01                 	9.7073674050e-01                 
4.5050000000e+00	1.3947137197e+04	6.2939529853e+00                 	3.3636606567e+00                 	2.9302923285e+00                 	5.3442735664e-01                 	9.7047823758e-01                 
4.5470000000e+00	1.3818309451e+04	6.2940198261e+00                 	3.3649109403e+00                 	2.9291088858e+00                 	5.3462032743e-01                 	9.7020497226e-01                 
4.5600000000e+00	1.3778915147e+04	6.2940399737e+00                 	3.3656085244e+00                 	2.9284314493e+00                 	5.3472944857e-01                 	9.7005015723e-01                 
4.5800000000e+00	1.3718745212e+04	6.2940735007e+00                 	3.3665757014e+00                 	2.9274977993e+00                 	5.3488026491e-01                 	9.6983156134e-01                 
4.7190000000e+00	1.3314654179e+04	6.2943035252e+00                 	3.3651831367e+00                 	2.9291203885e+00                 	5.3463947572e-01                 	9.7017487654e-01                 
4.9040000000e+00	1.2812368082e+04	6.2945957959e+00                 	3.3604519164e+00                 	2.9341438794e+00                 	5.3386301923e-01                 	9.7129646265e-01                 
5.0000000000e+00	1.2566370614e+04	6.2947446474e+00                 	3.3577972522e+00                 	2.9369473952e+00                 	5.3342866792e-01                 	9.7191880174e-01                 
5.1000000000e+00	1.2319971191e+04	6.2948969205e+00                 	3.3550728217e+00                 	2.9398240988e+00                 	5.3298296446e-01                 	9.7255402523e-01                 
5.2000000000e+00	1.2083048668e+04	6.2950475658e+00                 	3.3525505104e+00                 	2.9424970555e+00                 	5.3256952792e-01                 	9.7313995196e-01                 
5.2630000000e+00	1.1938410236e+04	6.2951417854e+00                 	3.3507767540e+00                 	2.9443650314e+00                 	5.3227979103e-01                 	9.7354759331e-01                 
5.4000000000e+00	1.1635528347e+04	6.2953416851e+00                 	3.3469623752e+00                 	2.9483793099e+00                 	5.3165698426e-01                 	9.7441946909e-01                 
5.5560000000e+00	1.1308828847e+04	6.2955618173e+00                 	3.3428852152e+00                 	2.9526766021e+00                 	5.3099076973e-01                 	9.7534729983e-01                 
5.7140000000e+00	1.0996124094e+04	6.2957728210e+00                 	3.3396814440e+00                 	2.9560913770e+00                 	5.3046409693e-01                 	9.7609060170e-01                 
5.7470000000e+00	1.0932982960e+04	6.2958149559e+00                 	3.3391264717e+00                 	2.9566884842e+00                 	5.3037239740e-01                 	9.7622351252e-01                 
5.7800000000e+00	1.0870562815e+04	6.2958552297e+00                 	3.3389037280e+00                 	2.9569515017e+00                 	5.3033362525e-01                 	9.7628905260e-01                 
5.8140000000e+00	1.0806992272e+04	6.2958969472e+00                 	3.3389274753e+00                 	2.9569694719e+00                 	5.3033388305e-01                 	9.7630359094e-01                 
5.8480000000e+00	1.0744160922e+04	6.2959356637e+00                 	3.3398537357e+00                 	2.9560819281e+00                 	5.3047774216e-01                 	9.7613405614e-01                 
5.8820000000e+00	1.0682055946e+04	6.2959778718e+00                 	3.3419189589e+00                 	2.9540589129e+00                 	5.3080220848e-01                 	9.7571846103e-01                 
6.0610000000e+00	1.0366581929e+04	6.2962249686e+00                 	3.3505801983e+00                 	2.9456447703e+00                 	5.3215700123e-01                 	9.7392790617e-01                 
6.1350000000e+00	1.0241540843e+04	6.2963344438e+00                 	3.3544206326e+00                 	2.9419138113e+00                 	5.3275769617e-01                 	9.7310023888e-01                 
6.2500000000e+00	1.0053096491e+04	6.2965078708e+00                 	3.3580618561e+00                 	2.9384460146e+00                 	5.3332131478e-01                 	9.7230081319e-01                 
6.2890000000e+00	9.9907541854e+03	6.2965670958e+00                 	3.3586366317e+00                 	2.9379304641e+00                 	5.3340758235e-01                 	9.7217253949e-01                 
6.3290000000e+00	9.9276114824e+03	6.2966259977e+00                 	3.3592655127e+00                 	2.9373604850e+00                 	5.3350246845e-01                 	9.7203656838e-01                 
6.3690000000e+00	9.8652619048e+03	6.2966863233e+00                 	3.3598097249e+00                 	2.9368765984e+00                 	5.3358378557e-01                 	9.7191558749e-01                 
6.4100000000e+00	9.8021611656e+03	6.2967487060e+00                 	3.3596501676e+00                 	2.9370985383e+00                 	5.3355315965e-01                 	9.7194960484e-01                 
6.4520000000e+00	9.7383529250e+03	6.2968101599e+00                 	3.3589983573e+00                 	2.9378118026e+00                 	5.3344443806e-01                 	9.7209844607e-01                 
6.4940000000e+00	9.6753700449e+03	6.2968698902e+00                 	3.3583771538e+00                 	2.9384927364e+00                 	5.3334072521e-01                 	9.7224384036e-01                 
6.5790000000e+00	9.5503652640e+03	6.2969887916e+00                 	3.3572097820e+00                 	2.9397790096e+00                 	5.3314526881e-01                 	9.7252082959e-01                 
6.6670000000e+00	9.4243067454e+03	6.2971072454e+00                 	3.3570545546e+00                 	2.9400526907e+00                 	5.3311058933e-01                 	9.7258255168e-01                 
6.7570000000e+00	9.2987794986e+03	6.2972307384e+00                 	3.3577616066e+00                 	2.9394691318e+00                 	5.3321241449e-01                 	9.7244871329e-01                 
6.8970000000e+00	9.1100265437e+03	6.2974258431e+00                 	3.3584580183e+00                 	2.9389678249e+00                 	5.3330648139e-01                 	9.7232091511e-01                 
7.0420000000e+00	8.9224443442e+03	6.2976271932e+00                 	3.3582531435e+00                 	2.9393740497e+00                 	5.3325689827e-01                 	9.7239203261e-01                 
7.1430000000e+00	8.7962835044e+03	6.2977642044e+00                 	3.3582028276e+00                 	2.9395613768e+00                 	5.3323730750e-01                 	9.7242559002e-01                 
7.2460000000e+00	8.6712466287e+03	6.2979052772e+00                 	3.3582299270e+00                 	2.9396753502e+00                 	5.3322966593e-01                 	9.7243874780e-01                 
7.3530000000e+00	8.5450636573e+03	6.2980521505e+00                 	3.3575547557e+00                 	2.9404973949e+00                 	5.3311002758e-01                 	9.7260600693e-01                 
7.4630000000e+00	8.4191147088e+03	6.2981983718e+00                 	3.3568196535e+00                 	2.9413787183e+00                 	5.3298093444e-01                 	9.7279327354e-01                 
7.5760000000e+00	8.2935392122e+03	6.2983483358e+00                 	3.3564809990e+00                 	2.9418673367e+00                 	5.3291447537e-01                 	9.7289263036e-01                 
7.6920000000e+00	8.1684676380e+03	6.2985020981e+00                 	3.3565887989e+00                 	2.9419132992e+00                 	5.3291858073e-01                 	9.7289329510e-01                 
7.8120000000e+00	8.0429919447e+03	6.2986643371e+00                 	3.3565203649e+00                 	2.9421439722e+00                 	5.3289398914e-01                 	9.7292740118e-01                 
7.9370000000e+00	7.9163226750e+03	6.2988337596e+00                 	3.3558125575e+00                 	2.9430212021e+00                 	5.3276728448e-01                 	9.7310128856e-01                 
8.0650000000e+00	7.7906823400e+03	6.2990076453e+00                 	3.3542285272e+00                 	2.9447791181e+00                 	5.3250110431e-01                 	9.7346625929e-01                 
8.1970000000e+00	7.6652254571e+03	6.2991849397e+00                 	3.3514210995e+00                 	2.9477638402e+00                 	5.3204043565e-01                 	9.7409865708e-01                 
8.3330000000e+00	7.5401239736e+03	6.2993610485e+00                 	3.3475910444e+00                 	2.9517700041e+00                 	5.3141755467e-01                 	9.7495279539e-01                 
8.4750000000e+00	7.4137879731e+03	6.2995342900e+00                 	3.3444630869e+00                 	2.9550712030e+00                 	5.3090640244e-01                 	9.7565742865e-01                 
8.6960000000e+00	7.2253740883e+03	6.2998072331e+00                 	3.3403893816e+00                 	2.9594178516e+00                 	5.3023676090e-01                 	9.7656773957e-01                 
8.9290000000e+00	7.0368297762e+03	6.3000873859e+00                 	3.3357501804e+00                 	2.9643372054e+00                 	5.2947681137e-01                 	9.7758822692e-01                 
9.0910000000e+00	6.9114347236e+03	6.3002773825e+00                 	3.3326333275e+00                 	2.9676440550e+00                 	5.2896612723e-01                 	9.7826777714e-01                 
9.2590000000e+00	6.7860301406e+03	6.3004749524e+00                 	3.3291427581e+00                 	2.9713321943e+00                 	5.2839552308e-01                 	9.7901404736e-01                 
9.5240000000e+00	6.5972126283e+03	6.3007789413e+00                 	3.3218280700e+00                 	2.9789508713e+00                 	5.2720911191e-01                 	9.8052891873e-01                 
9.8040000000e+00	6.4087977429e+03	6.3010788087e+00                 	3.3102883265e+00                 	2.9907904823e+00                 	5.2535263039e-01                 	9.8280863374e-01                 
1.0000000000e+01	6.2831853072e+03	6.3012417801e+00                 	3.2987364538e+00                 	3.0025053262e+00                 	5.2350577378e-01                 	9.8498170634e-01                 
1.0200000000e+01	6.1599855953e+03	6.3012957143e+00                 	3.2875598081e+00                 	3.0137359062e+00                 	5.2172758702e-01                 	9.8704112326e-01                 
1.0310000000e+01	6.0942631495e+03	6.3012722624e+00                 	3.2825250532e+00                 	3.0187472092e+00                 	5.2093052269e-01                 	9.8798248681e-01                 
1.0420000000e+01	6.0299283178e+03	6.3011853340e+00                 	3.2790773729e+00                 	3.0221079611e+00                 	5.2039056131e-01                 	9.8871286415e-01                 
1.0530000000e+01	5.9669376137e+03	6.3010359740e+00                 	3.2817920892e+00                 	3.0192438847e+00                 	5.2083373318e-01                 	9.8862187582e-01                 
1.0640000000e+01	5.9052493489e+03	6.3009262588e+00                 	3.2937285372e+00                 	3.0071977216e+00                 	5.2273719798e-01                 	9.8725649565e-01                 
1.0750000000e+01	5.8448235416e+03	6.3009675326e+00                 	3.3172687803e+00                 	2.9836987523e+00                 	5.2646974661e-01                 	9.8401395060e-01                 
1.0870000000e+01	5.7802992706e+03	6.3011492418e+00                 	3.3451618859e+00                 	2.9559873560e+00                 	5.3088123412e-01                 	9.7963616502e-01                 
1.1000000000e+01	5.7119866429e+03	6.3014359420e+00                 	3.3793066371e+00                 	2.9221293048e+00                 	5.3627564705e-01                 	9.7351329444e-01                 
1.1110000000e+01	5.6554323197e+03	6.3017001794e+00                 	3.4029085815e+00                 	2.8987915979e+00                 	5.3999849003e-01                 	9.6867623640e-01                 
1.1360000000e+01	5.5309729817e+03	6.3022504368e+00                 	3.4462131192e+00                 	2.8560373176e+00                 	5.4682262372e-01                 	9.5879462351e-01                 
1.1630000000e+01	5.4025669021e+03	6.3027651400e+00                 	3.4733036317e+00                 	2.8294615083e+00                 	5.5107616332e-01                 	9.5160695472e-01                 
1.1900000000e+01	5.2799876531e+03	6.3032390658e+00                 	3.4970364647e+00                 	2.8062026011e+00                 	5.5479990973e-01                 	9.4502800733e-01                 
1.2200000000e+01	5.1501518911e+03	6.3037223645e+00                 	3.5134105201e+00                 	2.7903118444e+00                 	5.5735489556e-01                 	9.3993108765e-01                 
1.2500000000e+01	5.0265482457e+03	6.3041721039e+00                 	3.5251585147e+00                 	2.7790135892e+00                 	5.5917866083e-01                 	9.3601271392e-01                 
1.2820000000e+01	4.9010805828e+03	6.3046133835e+00                 	3.5297508885e+00                 	2.7748624949e+00                 	5.5986793699e-01                 	9.3390661156e-01                 
1.2990000000e+01	4.8369401903e+03	6.3048356624e+00                 	3.5307329962e+00                 	2.7741026662e+00                 	5.6000396922e-01                 	9.3323743071e-01                 
1.3160000000e+01	4.7744569203e+03	6.3050525261e+00                 	3.5315461303e+00                 	2.7735063958e+00                 	5.6011367323e-01                 	9.3266279012e-01                 
1.3330000000e+01	4.7135673722e+03	6.3052607400e+00                 	3.5299050111e+00                 	2.7753557289e+00                 	5.5983489925e-01                 	9.3274851099e-01                 
1.3510000000e+01	4.6507663266e+03	6.3054751826e+00                 	3.5283885981e+00                 	2.7770865845e+00                 	5.5957536837e-01                 	9.3287121542e-01                 
1.3700000000e+01	4.5862666476e+03	6.3056985233e+00                 	3.5268858753e+00                 	2.7788126480e+00                 	5.5931723699e-01                 	9.3301559496e-01                 
1.3890000000e+01	4.5235315386e+03	6.3059190144e+00                 	3.5250993573e+00                 	2.7808196571e+00                 	5.5901437194e-01                 	9.3326123959e-01                 
1.4080000000e+01	4.4624895648e+03	6.3061353325e+00                 	3.5221501432e+00                 	2.7839851893e+00                 	5.5852752240e-01                 	9.3383736338e-01                 
1.4290000000e+01	4.3969106418e+03	6.3063700316e+00                 	3.5181108327e+00                 	2.7882591989e+00                 	5.5786622337e-01                 	9.3472632210e-01                 
1.4710000000e+01	4.2713700253e+03	6.3068266017e+00                 	3.5063869645e+00                 	2.8004396372e+00                 	5.5596692059e-01                 	9.3758675841e-01                 
1.5150000000e+01	4.1473170344e+03	6.3072941206e+00                 	3.4945812985e+00                 	2.8127128221e+00                 	5.5405396224e-01                 	9.4061787408e-01                 
1.5380000000e+01	4.0852960385e+03	6.3075353547e+00                 	3.4891488793e+00                 	2.8183864754e+00                 	5.5317151361e-01                 	9.4204225403e-01                 
1.5630000000e+01	4.0199522119e+03	6.3077963479e+00                 	3.4841991675e+00                 	2.8235971805e+00                 	5.5236392795e-01                 	9.4335105389e-01                 
1.6130000000e+01	3.8953411700e+03	6.3083150333e+00                 	3.4767533039e+00                 	2.8315617294e+00                 	5.5113818596e-01                 	9.4534297809e-01                 
1.6390000000e+01	3.8335480825e+03	6.3085812523e+00                 	3.4742327434e+00                 	2.8343485088e+00                 	5.5071538346e-01                 	9.4604096608e-01                 
1.6670000000e+01	3.7691573528e+03	6.3088694777e+00                 	3.4737665469e+00                 	2.8351029308e+00                 	5.5061632820e-01                 	9.4620625726e-01                 
1.6950000000e+01	3.7068939865e+03	6.3091621367e+00                 	3.4734503625e+00                 	2.8357117742e+00                 	5.5054067201e-01                 	9.4630794834e-01                 
1.7240000000e+01	3.6445390413e+03	6.3094641076e+00                 	3.4721811536e+00                 	2.8372829540e+00                 	5.5031316359e-01                 	9.4665444464e-01                 
1.8180000000e+01	3.4560975287e+03	6.3104255249e+00                 	3.4623845133e+00                 	2.8480410117e+00                 	5.4867686808e-01                 	9.4927312358e-01                 
1.8870000000e+01	3.3297219434e+03	6.3111063753e+00                 	3.4548693700e+00                 	2.8562370053e+00                 	5.4742689546e-01                 	9.5131088395e-01                 
1.9230000000e+01	3.2673870552e+03	6.3114502985e+00                 	3.4535800904e+00                 	2.8578702081e+00                 	5.4719278883e-01                 	9.5171503391e-01                 
1.9610000000e+01	3.2040720587e+03	6.3118234639e+00                 	3.4548576293e+00                 	2.8569658345e+00                 	5.4736284199e-01                 	9.5144813382e-01                 
2.0000000000e+01	3.1415926536e+03	6.3122141747e+00                 	3.4553467797e+00                 	2.8568673950e+00                 	5.4740645423e-01                 	9.5136500189e-01                 
2.0410000000e+01	3.0784837370e+03	6.3126253328e+00                 	3.4532928136e+00                 	2.8593325192e+00                 	5.4704542588e-01                 	9.5193047140e-01                 
2.0830000000e+01	3.0164115733e+03	6.3130393610e+00                 	3.4491400427e+00                 	2.8638993182e+00                 	5.4635174051e-01                 	9.5303955777e-01                 
2.2220000000e+01	2.8277161598e+03	6.3143696467e+00                 	3.4352568284e+00                 	2.8791128183e+00                 	5.4403796746e-01                 	9.5673725532e-01                 
2.2600000000e+01	2.7801704899e+03	6.3147233765e+00                 	3.4309469597e+00                 	2.8837764169e+00                 	5.4332498117e-01                 	9.5786630137e-01                 
2.3050000000e+01	2.7258938426e+03	6.3151373990e+00                 	3.4269346019e+00                 	2.8882027971e+00                 	5.4265400503e-01                 	9.5892527870e-01                 
2.3600000000e+01	2.6623666556e+03	6.3156370069e+00                 	3.4222311754e+00                 	2.8934058315e+00                 	5.4186635040e-01                 	9.6016096444e-01                 
2.4600000000e+01	2.5541403688e+03	6.3165306684e+00                 	3.4143627225e+00                 	2.9021679459e+00                 	5.4054399508e-01                 	9.6221546996e-01                 
2.5000000000e+01	2.5132741229e+03	6.3168820410e+00                 	3.4112745826e+00                 	2.9056074584e+00                 	5.4002505673e-01                 	9.6301430328e-01                 
2.6000000000e+01	2.4166097335e+03	6.3177432361e+00                 	3.4036806559e+00                 	2.9140625802e+00                 	5.3874944402e-01                 	9.6495989592e-01                 
2.8570000000e+01	2.1992248188e+03	6.3198208960e+00                 	3.3867424835e+00                 	2.9330784125e+00                 	5.3589216201e-01                 	9.6923924117e-01                 
3.1000000000e+01	2.0268339701e+03	6.3215892962e+00                 	3.3720729519e+00                 	2.9495163444e+00                 	5.3342170677e-01                 	9.7285444823e-01                 
3.3330000000e+01	1.8851441066e+03	6.3229378571e+00                 	3.3575630864e+00                 	2.9653747707e+00                 	5.3101314013e-01                 	9.7637403132e-01                 
3.4480000000e+01	1.8222695206e+03	6.3233108222e+00                 	3.3550817153e+00                 	2.9682291069e+00                 	5.3058940319e-01                 	9.7729196178e-01                 
3.5640000000e+01	1.7629588404e+03	6.3236607849e+00                 	3.3657202491e+00                 	2.9579405358e+00                 	5.3224237726e-01                 	9.7579092365e-01                 
3.7000000000e+01	1.6981581911e+03	6.3243242176e+00                 	3.3872756862e+00                 	2.9370485313e+00                 	5.3559488251e-01                 	9.7220762475e-01                 
3.8240000000e+01	1.6430923920e+03	6.3251756925e+00                 	3.4183486585e+00                 	2.9068270340e+00                 	5.4043536886e-01                 	9.6647721749e-01                 
3.9600000000e+01	1.5866629564e+03	6.3263446235e+00                 	3.4544067849e+00                 	2.8719378386e+00                 	5.4603518943e-01                 	9.5923590784e-01                 
4.1140000000e+01	1.5272691559e+03	6.3277943818e+00                 	3.4982787982e+00                 	2.8295155836e+00                 	5.5284331113e-01                 	9.4983259176e-01                 
4.2760000000e+01	1.4694072281e+03	6.3294221885e+00                 	3.5505961245e+00                 	2.7788260640e+00                 	5.6096686534e-01                 	9.3802087245e-01                 
4.3580000000e+01	1.4417589048e+03	6.3304677027e+00                 	3.5933953842e+00                 	2.7370723186e+00                 	5.6763505525e-01                 	9.2777057924e-01                 
4.4580000000e+01	1.4094179693e+03	6.3316714518e+00                 	3.6269754456e+00                 	2.7046960061e+00                 	5.7283064563e-01                 	9.1903939108e-01                 
4.5500000000e+01	1.3809198477e+03	6.3328893707e+00                 	3.6705237920e+00                 	2.6623655788e+00                 	5.7959701758e-01                 	9.0776960765e-01                 
4.6150000000e+01	1.3614702724e+03	6.3338538798e+00                 	3.7034747248e+00                 	2.6303791550e+00                 	5.8471110876e-01                 	8.9870802350e-01                 
4.6710000000e+01	1.3451477857e+03	6.3346829785e+00                 	3.7236846651e+00                 	2.6109983134e+00                 	5.8782494369e-01                 	8.9235624875e-01                 
4.7360000000e+01	1.3266860868e+03	6.3353428024e+00                 	3.7159364764e+00                 	2.6194063260e+00                 	5.8654071174e-01                 	8.9262990538e-01                 
4.8000000000e+01	1.3089969390e+03	6.3357769186e+00                 	3.6961095188e+00                 	2.6396673998e+00                 	5.8337115815e-01                 	8.9656344674e-01                 
4.8780000000e+01	1.2880658686e+03	6.3361923005e+00                 	3.6704378149e+00                 	2.6657544856e+00                 	5.7928131610e-01                 	9.0254232856e-01                 
5.0030000000e+01	1.2558835313e+03	6.3370602105e+00                 	3.6633576162e+00                 	2.6737025943e+00                 	5.7808471034e-01                 	9.0419942526e-01                 
5.1280000000e+01	1.2252701457e+03	6.3380045395e+00                 	3.6647896207e+00                 	2.6732149188e+00                 	5.7822451812e-01                 	9.0355406116e-01                 
5.2750000000e+01	1.1911251767e+03	6.3391156812e+00                 	3.6675828273e+00                 	2.6715328540e+00                 	5.7856379528e-01                 	9.0240742113e-01                 
5.3500000000e+01	1.1744271602e+03	6.3396609301e+00                 	3.6672356436e+00                 	2.6724252866e+00                 	5.7845927156e-01                 	9.0223046391e-01                 
5.4240000000e+01	1.1584043708e+03	6.3402143991e+00                 	3.6696803643e+00                 	2.6705340349e+00                 	5.7879436455e-01                 	9.0130793363e-01                 
5.5000000000e+01	1.1423973286e+03	6.3406679055e+00                 	3.6589597894e+00                 	2.6817081162e+00                 	5.7706220289e-01                 	9.0368645367e-01                 
5.5740000000e+01	1.1272309485e+03	6.3410763342e+00                 	3.6450161096e+00                 	2.6960602246e+00                 	5.7482608905e-01                 	9.0714581542e-01                 
5.6400000000e+01	1.1140399481e+03	6.3414155679e+00                 	3.6287214341e+00                 	2.7126941338e+00                 	5.7222577439e-01                 	9.1133034916e-01                 
5.7000000000e+01	1.1023132118e+03	6.3417038657e+00                 	3.6104188059e+00                 	2.7312850598e+00                 	5.6931368641e-01                 	9.1615561322e-01                 
5.7460000000e+01	1.0934885672e+03	6.3418813418e+00                 	3.5902509190e+00                 	2.7516304228e+00                 	5.6611764326e-01                 	9.2156677428e-01                 
5.8400000000e+01	1.0758878951e+03	6.3423374964e+00                 	3.5771768061e+00                 	2.7651606903e+00                 	5.6401552395e-01                 	9.2566071935e-01                 
5.9290000000e+01	1.0597377816e+03	6.3428544270e+00                 	3.5789740704e+00                 	2.7638803565e+00                 	5.6425291036e-01                 	9.2575150175e-01                 
6.0000000000e+01	1.0471975512e+03	6.3433387282e+00                 	3.5897614895e+00                 	2.7535772387e+00                 	5.6591042089e-01                 	9.2344664047e-01                 
6.1000000000e+01	1.0300303782e+03	6.3442132583e+00                 	3.6189285935e+00                 	2.7252846648e+00                 	5.7042984625e-01                 	9.1641142422e-01                 
6.1250000000e+01	1.0258261726e+03	6.3444945458e+00                 	3.6301437190e+00                 	2.7143508268e+00                 	5.7217224994e-01                 	9.1353226241e-01                 
6.2500000000e+01	1.0053096491e+03	6.3455813969e+00                 	3.6503551863e+00                 	2.6952262106e+00                 	5.7525937467e-01                 	9.0801088286e-01                 
6.3780000000e+01	9.8513410272e+02	6.3466223672e+00                 	3.6672862514e+00                 	2.6793361158e+00                 	5.7783274933e-01                 	9.0347050142e-01                 
6.4670000000e+01	9.7157651263e+02	6.3473239057e+00                 	3.6772036560e+00                 	2.6701202497e+00                 	5.7933133879e-01                 	9.0072725755e-01                 
6.5580000000e+01	9.5809474034e+02	6.3480217672e+00                 	3.6863077586e+00                 	2.6617140086e+00                 	5.8070181449e-01                 	8.9817352323e-01                 
6.6550000000e+01	9.4413002362e+02	6.3487322228e+00                 	3.6939109610e+00                 	2.6548212618e+00                 	5.8183442478e-01                 	8.9594570441e-01                 
6.7600000000e+01	9.2946528213e+02	6.3494180274e+00                 	3.6954849409e+00                 	2.6539330865e+00                 	5.8201947406e-01                 	8.9525005460e-01                 
6.9000000000e+01	9.1060656626e+02	6.3502886381e+00                 	3.6945123760e+00                 	2.6557762621e+00                 	5.8178652760e-01                 	8.9528292161e-01                 
7.0530000000e+01	8.9085287214e+02	6.3512187228e+00                 	3.6924088892e+00                 	2.6588098337e+00                 	5.8137013545e-01                 	8.9568997066e-01                 
7.3000000000e+01	8.6071031605e+02	6.3526957195e+00                 	3.6882226061e+00                 	2.6644731134e+00                 	5.8057598993e-01                 	8.9668422811e-01                 
7.5000000000e+01	8.3775804096e+02	6.3538796089e+00                 	3.6848628106e+00                 	2.6690167984e+00                 	5.7993903526e-01                 	8.9755601944e-01                 
7.6290000000e+01	8.2359225419e+02	6.3546424608e+00                 	3.6834393192e+00                 	2.6712031416e+00                 	5.7964540757e-01                 	8.9794063172e-01                 
8.0000000000e+01	7.8539816340e+02	6.3567672837e+00                 	3.6736115105e+00                 	2.6831557732e+00                 	5.7790561563e-01                 	9.0062138936e-01                 
8.2970000000e+01	7.5728399508e+02	6.3584509360e+00                 	3.6626100981e+00                 	2.6958408379e+00                 	5.7602238893e-01                 	9.0371202704e-01                 
8.5000000000e+01	7.3919827143e+02	6.3596222569e+00                 	3.6566440880e+00                 	2.7029781689e+00                 	5.7497818900e-01                 	9.0546998823e-01                 
8.6800000000e+01	7.2386927502e+02	6.3606594223e+00                 	3.6527095126e+00                 	2.7079499097e+00                 	5.7426585360e-01                 	9.0666199227e-01                 
9.0800000000e+01	6.9198076070e+02	6.3629570129e+00                 	3.6465551362e+00                 	2.7164018767e+00                 	5.7309127326e-01                 	9.0862538670e-01                 
9.5170000000e+01	6.6020650490e+02	6.3654397027e+00                 	3.6417551290e+00                 	2.7236845737e+00                 	5.7211367935e-01                 	9.1025208098e-01                 
1.0000000000e+02	6.2831853072e+02	6.3681493880e+00                 	3.6378180230e+00                 	2.7303313650e+00                 	5.7125199196e-01                 	9.1168332767e-01                 
1.2000000000e+02	5.2359877560e+02	6.3789957593e+00                 	3.6357792266e+00                 	2.7432165327e+00                 	5.6996106657e-01                 	9.1370689208e-01                 
1.5000000000e+02	4.1887902048e+02	6.3941896364e+00                 	3.6424713247e+00                 	2.7517183118e+00                 	5.6965331524e-01                 	9.1386533241e-01                 
1.6700000000e+02	3.7623864115e+02	6.4023277979e+00                 	3.6481804648e+00                 	2.7541473331e+00                 	5.6982094325e-01                 	9.1333935829e-01                 
